
tank
1	0	0	0	0	0	0	0	0	0	0
3	0	0	0	0	0	0	0	0	0	0
7	0	0	0	0	0	0	0	0	0	0
15	0	0	0	0	0	0	0	0	0	0
31	0	0	0	0	0	0	0	0	0	0
63	0	0	0	0	0	0	0	0	0	0
127	0	0	0	0	0	0	0	0	0	0
255	0	0	0	0	0	3213	0	15	0	0
511	0	0	0	0	22338	1130233	237156	647475	260814	0
1023	0	0	0	0	998689	2088458	4160573	7261400	2503460	0
2047	0	0	0	0	617267	2562509	1956344	2568605	1172997	0
4095	0	0	0	0	401606	3126643	2641843	3057442	723755	0
8191	0	0	0	0	908814	1392298	1368676	3414436	517718	0
16383	0	0	0	0	1981	43310	63783	615680	16593	0
32767	1234	11	1408	19	2378	13403	50289	944395	28809	0
65535	6504	1469	6964	4787	579	2176	37416	2158335	54472	0
131071	39692	4799788	40108	19760859	503	2149	89432	4776399	131332	0
262143	303432	13601790	311925	25450551	242	3425	198605	7238796	811122	0
524287	4302491	19136790	4473008	40701351	1014	6482	255048	11197212	836770	0
1048575	4742386	20384710	5133046	16158809	4201	12891	342883	14009088	332310	0
2097151	2388472	13125712	2875034	2765875	2587	24899	245183	9332413	301962	0
4194303	1623619	10243731	2176916	1550543	2900	44854	384124	9062402	429552	0
8388607	2450778	14632725	4915957	2318669	4297	73818	904206	13112979	592597	0
16777215	5321297	9226656	9640867	2849578	8348	105793	1611633	7174313	815206	0
33554431	5964534	5065636	6749572	934833	16050	106034	1483394	3624100	3075896	0
67108863	6739235	1688469	1295197	312134	24874	110762	811784	1137610	3358810	0
134217727	2941455	630484	200868	96075	18097	102401	340150	351025	943376	0
268435455	809052	327496	57525	25701	5833	12219	92842	231025	472427	0
536870911	156501	51430	23564	5800	2140	3340	27919	35596	67866	0
1073741823	44704	18465	1981	3368	361	268	2028	13526	38126	0
2147483647	35370	2618	269	263	5	184	89	2015	34581	0
4294967295	23615	1085	8	18	0	1	0	1023	23387	0
8589934591	7919	163	2	1	0	1	0	161	7850	0
17179869183	745	5	0	0	0	0	0	4	742	0
34359738367	1183	0	0	0	0	0	0	0	1183	0
68719476735	0	0	0	0	0	0	0	0	0	0
137438953471	0	0	0	0	0	0	0	0	0	0

mirror
1	0	0	0	0	0	0	0	0	0	0
3	0	0	0	0	0	0	0	0	0	0
7	0	0	0	0	0	0	0	0	0	0
15	0	0	0	0	0	0	0	0	0	0
31	0	0	0	0	0	0	0	0	0	0
63	0	0	0	0	0	0	0	0	0	0
127	0	0	0	0	0	0	0	0	0	0
255	0	0	0	0	0	1060	0	1	0	0
511	0	0	0	0	8878	556775	93342	333686	88858	0
1023	0	0	0	0	422067	1053396	1471199	3705995	771176	0
2047	0	0	0	0	285760	1047897	861241	1255212	395399	0
4095	0	0	0	0	189676	1768599	1160078	2237604	280217	0
8191	0	0	0	0	391198	721970	597108	2221537	200619	0
16383	0	0	0	0	886	22727	25202	449891	4774	0
32767	0	0	0	0	1040	7543	17883	792243	7308	0
65535	3424	1442	3798	4620	249	1163	9338	1934072	15633	0
131071	26109	4799774	26483	19760715	311	1039	18025	4257921	38811	0
262143	19345	12740179	19905	24370065	119	1560	53350	4830941	145839	0
524287	1497180	11101619	1559150	3499925	555	2536	73662	7384649	378161	0
1048575	1594453	11690598	1699625	815121	1978	3156	110956	8647393	81314	0
2097151	671479	4525412	842425	435249	1282	5391	74449	3034706	75535	0
4194303	588390	1052869	559459	505196	1417	20080	120780	740727	128876	0
8388607	638551	1364537	1220787	446909	1954	36953	271354	1059691	206984	0
16777215	1549281	1680393	3051257	492084	3555	56892	584480	1239769	232057	0
33554431	2706336	977770	5183157	322307	8311	42795	858854	669517	453174	0
67108863	2887133	278023	1100574	202191	19041	43960	598700	171069	2043707	0
134217727	2505778	398720	173814	77105	16018	58016	300286	278015	726872	0
268435455	651172	298581	47279	21242	5278	8151	84995	214147	357406	0
536870911	94696	33665	4508	2028	1168	2239	14701	22980	42895	0
1073741823	18830	11366	1010	1401	175	264	1289	9112	14894	0
2147483647	15563	883	176	9	3	182	41	623	15203	0
4294967295	16780	221	1	0	0	1	0	207	16617	0
8589934591	6979	109	0	0	0	1	0	109	6921	0
17179869183	745	5	0	0	0	0	0	4	742	0
34359738367	1183	0	0	0	0	0	0	0	1183	0
68719476735	0	0	0	0	0	0	0	0	0	0
137438953471	0	0	0	0	0	0	0	0	0	0

ata-WDC_WD20EFRX-68AX9N0_WD-WCC1X5451515
1	0	0	0	0	0	0	0	0	0	0
3	0	0	0	0	0	0	0	0	0	0
7	0	0	0	0	0	0	0	0	0	0
15	0	0	0	0	0	0	0	0	0	0
31	0	0	0	0	0	0	0	0	0	0
63	0	0	0	0	0	0	0	0	0	0
127	0	0	0	0	0	0	0	0	0	0
255	0	0	0	0	0	169	0	0	0	0
511	0	0	0	0	4330	166619	42500	162192	19187	0
1023	0	0	0	0	203748	413321	689189	1857140	220366	0
2047	0	0	0	0	141025	596210	424110	604500	136862	0
4095	0	0	0	0	96707	705392	568697	868697	71394	0
8191	0	0	0	0	195123	687807	290975	1409652	53606	0
16383	0	0	0	0	461	12874	12224	248683	2044	0
32767	0	0	0	0	558	5185	8355	433612	1835	0
65535	2514	1435	2716	4489	124	698	3924	1040036	3950	0
131071	12232	2502211	12389	10550141	145	588	7621	2196140	9550	0
262143	8089	6527646	8211	11646017	57	906	21636	2443243	36086	0
524287	604224	5690268	631296	1732967	275	1415	30393	3823341	108917	0
1048575	573807	5985888	614715	431625	1005	1754	47388	4390612	25872	0
2097151	241354	1960612	293616	137838	622	2680	31988	1250248	24523	0
4194303	214064	385075	238003	228373	711	10049	54509	272616	43132	0
8388607	253739	561601	536569	194648	904	18497	121366	438353	68034	0
16777215	609030	785426	1360946	243500	1790	28894	258864	583168	76647	0
33554431	1319446	582268	2728753	188708	4417	21123	440627	401816	185284	0
67108863	1487943	149557	652360	108597	10122	21555	311022	90522	1184877	0
134217727	1427909	196418	106492	40790	8810	30161	159807	135023	431230	0
268435455	373978	167826	29058	13226	3053	4629	47772	122193	202479	0
536870911	58325	19624	2667	1149	779	1339	9480	13319	25382	0
1073741823	9613	6218	565	728	114	151	863	5012	7098	0
2147483647	7914	571	93	9	3	113	40	407	7751	0
4294967295	9403	116	1	0	0	1	0	105	9276	0
8589934591	3798	43	0	0	0	0	0	44	3771	0
17179869183	329	2	0	0	0	0	0	1	326	0
34359738367	738	0	0	0	0	0	0	0	738	0
68719476735	0	0	0	0	0	0	0	0	0	0
137438953471	0	0	0	0	0	0	0	0	0	0

ata-WDC_WD20EFRX-68EUZN0_WD-WCC4X5859575
1	0	0	0	0	0	0	0	0	0	0
3	0	0	0	0	0	0	0	0	0	0
7	0	0	0	0	0	0	0	0	0	0
15	0	0	0	0	0	0	0	0	0	0
31	0	0	0	0	0	0	0	0	0	0
63	0	0	0	0	0	0	0	0	0	0
127	0	0	0	0	0	0	0	0	0	0
255	0	0	0	0	0	891	0	1	0	0
511	0	0	0	0	4548	390156	50842	171494	69671	0
1023	0	0	0	0	218319	640075	782010	1848855	550810	0
2047	0	0	0	0	144735	451687	437131	650712	258537	0
4095	0	0	0	0	92969	1063207	591381	1368907	208823	0
8191	0	0	0	0	196075	34163	306133	811885	147013	0
16383	0	0	0	0	425	9853	12978	201208	2730	0
32767	0	0	0	0	482	2358	9528	358631	5473	0
65535	910	7	1082	131	125	465	5414	894036	11683	0
131071	13877	2297563	14094	9210574	166	451	10404	2061781	29261	0
262143	11256	6212533	11694	12724048	62	654	31714	2387698	109753	0
524287	892956	5411351	927854	1766958	280	1121	43269	3561308	269244	0
1048575	1020646	5704710	1084910	383496	973	1402	63568	4256781	55442	0
2097151	430125	2564800	548809	297411	660	2711	42461	1784458	51012	0
4194303	374326	667794	321456	276823	706	10031	66271	468111	85744	0
8388607	384812	802936	684218	252261	1050	18456	149988	621338	138950	0
16777215	940251	894967	1690311	248584	1765	27998	325616	656601	155410	0
33554431	1386890	395502	2454404	133599	3894	21672	418227	267701	267890	0
67108863	1399190	128466	448214	93594	8919	22405	287678	80547	858830	0
134217727	1077869	202302	67322	36315	7208	27855	140479	142992	295642	0
268435455	277194	130755	18221	8016	2225	3522	37223	91954	154927	0
536870911	36371	14041	1841	879	389	900	5221	9661	17513	0
1073741823	9217	5148	445	673	61	113	426	4100	7796	0
2147483647	7649	312	83	0	0	69	1	216	7452	0
4294967295	7377	105	0	0	0	0	0	102	7341	0
8589934591	3181	66	0	0	0	1	0	65	3150	0
17179869183	416	3	0	0	0	0	0	3	416	0
34359738367	445	0	0	0	0	0	0	0	445	0
68719476735	0	0	0	0	0	0	0	0	0	0
137438953471	0	0	0	0	0	0	0	0	0	0

mirror
1	0	0	0	0	0	0	0	0	0	0
3	0	0	0	0	0	0	0	0	0	0
7	0	0	0	0	0	0	0	0	0	0
15	0	0	0	0	0	0	0	0	0	0
31	0	0	0	0	0	0	0	0	0	0
63	0	0	0	0	0	0	0	0	0	0
127	0	0	0	0	0	0	0	0	0	0
255	0	0	0	0	0	2153	0	14	0	0
511	0	0	0	0	13460	573458	143814	313789	171956	0
1023	0	0	0	0	576622	1035062	2689374	3555405	1732284	0
2047	0	0	0	0	331507	1514612	1095103	1313393	777598	0
4095	0	0	0	0	211930	1358044	1481765	819838	443538	0
8191	0	0	0	0	517616	670328	771568	1192899	317099	0
16383	0	0	0	0	1095	20583	38581	165789	11819	0
32767	1234	11	1408	19	1338	5860	32406	152152	21501	0
65535	3080	27	3166	167	330	1013	28078	224263	38839	0
131071	13583	14	13625	144	192	1110	71407	518478	92521	0
262143	284087	861611	292020	1080486	123	1865	145255	2407855	665283	0
524287	2805311	8035171	2913858	37201426	459	3946	181386	3812563	458609	0
1048575	3147933	8694112	3433421	15343688	2223	9735	231927	5361695	250996	0
2097151	1716993	8600300	2032609	2330626	1305	19508	170734	6297707	226427	0
4194303	1035229	9190862	1617457	1045347	1483	24774	263344	8321675	300676	0
8388607	1812227	13268188	3695170	1871760	2343	36865	632852	12053288	385613	0
16777215	3772016	7546263	6589610	2357494	4793	48901	1027153	5934544	583149	0
33554431	3258198	4087866	1566415	612526	7739	63239	624540	2954583	2622722	0
67108863	3852102	1410446	194623	109943	5833	66802	213084	966541	1315103	0
134217727	435677	231764	27054	18970	2079	44385	39864	73010	216504	0
268435455	157880	28915	10246	4459	555	4068	7847	16878	115021	0
536870911	61805	17765	19056	3772	972	1101	13218	12616	24971	0
1073741823	25874	7099	971	1967	186	4	739	4414	23232	0
2147483647	19807	1735	93	254	2	2	48	1392	19378	0
4294967295	6835	864	7	18	0	0	0	816	6770	0
8589934591	940	54	2	1	0	0	0	52	929	0
17179869183	0	0	0	0	0	0	0	0	0	0
34359738367	0	0	0	0	0	0	0	0	0	0
68719476735	0	0	0	0	0	0	0	0	0	0
137438953471	0	0	0	0	0	0	0	0	0	0

ata-WDC_WD121KRYZ-01W0RB0_5X4X74X5
1	0	0	0	0	0	0	0	0	0	0
3	0	0	0	0	0	0	0	0	0	0
7	0	0	0	0	0	0	0	0	0	0
15	0	0	0	0	0	0	0	0	0	0
31	0	0	0	0	0	0	0	0	0	0
63	0	0	0	0	0	0	0	0	0	0
127	0	0	0	0	0	0	0	0	0	0
255	0	0	0	0	0	524	0	0	0	0
511	0	0	0	0	6599	224811	72231	40739	61727	0
1023	0	0	0	0	287588	348877	1339280	1650803	640580	0
2047	0	0	0	0	166429	841629	550134	899191	312826	0
4095	0	0	0	0	106463	489756	741159	264581	41115	0
8191	0	0	0	0	259345	660958	394936	780454	31925	0
16383	0	0	0	0	544	15168	19186	95172	4371	0
32767	644	6	743	10	665	3645	16314	82313	6858	0
65535	1651	20	1682	107	164	500	14003	118871	13589	0
131071	6870	10	6892	83	91	640	35685	269111	32021	0
262143	125308	429433	128617	540006	63	1101	72236	1238579	211512	0
524287	1184733	4019699	1236407	18542109	222	2270	90167	1897346	138973	0
1048575	1272297	4428358	1395029	7756648	1084	5751	115956	2718403	84459	0
2097151	642718	4278798	785462	1237373	627	11604	85045	3119559	85872	0
4194303	421703	4609778	730289	686478	736	12720	130808	4149746	119461	0
8388607	838694	6650795	1742669	1020187	1132	18510	316333	6041296	164333	0
16777215	1821130	3799046	3173207	1244359	2445	24655	514048	3016262	269059	0
33554431	1586359	2126822	772686	387444	3794	31592	311422	1599092	1240519	0
67108863	1846321	961699	96857	69127	2942	33629	107876	692163	638936	0
134217727	215658	160163	13218	10557	1099	22191	20335	48836	106230	0
268435455	81786	16206	5102	2481	238	2099	3879	9878	60815	0
536870911	30825	12648	9805	2499	486	585	6866	9591	11881	0
1073741823	10518	4833	462	965	130	2	351	3301	9221	0
2147483647	8385	1362	44	112	1	1	25	1198	8183	0
4294967295	3171	822	3	3	0	0	0	796	3145	0
8589934591	403	50	0	0	0	0	0	49	400	0
17179869183	0	0	0	0	0	0	0	0	0	0
34359738367	0	0	0	0	0	0	0	0	0	0
68719476735	0	0	0	0	0	0	0	0	0	0
137438953471	0	0	0	0	0	0	0	0	0	0

ata-WDC_WD121KRYZ-01W0RB0_5X515X1X
1	0	0	0	0	0	0	0	0	0	0
3	0	0	0	0	0	0	0	0	0	0
7	0	0	0	0	0	0	0	0	0	0
15	0	0	0	0	0	0	0	0	0	0
31	0	0	0	0	0	0	0	0	0	0
63	0	0	0	0	0	0	0	0	0	0
127	0	0	0	0	0	0	0	0	0	0
255	0	0	0	0	0	1629	0	14	0	0
511	0	0	0	0	6861	348647	71583	273050	110229	0
1023	0	0	0	0	289034	686185	1350094	1904602	1091704	0
2047	0	0	0	0	165078	672983	544969	414202	464772	0
4095	0	0	0	0	105467	868288	740606	555257	402423	0
8191	0	0	0	0	258271	9370	376632	412445	285174	0
16383	0	0	0	0	551	5415	19395	70617	7448	0
32767	590	5	665	9	673	2215	16092	69839	14643	0
65535	1429	7	1484	60	166	513	14075	105392	25250	0
131071	6713	4	6733	61	101	470	35722	249367	60500	0
262143	158779	432178	163403	540480	60	764	73019	1169276	453771	0
524287	1620578	4015472	1677451	18659317	237	1676	91219	1915217	319636	0
1048575	1875636	4265754	2038392	7587040	1139	3984	115971	2643292	166537	0
2097151	1074275	4321502	1247147	1093253	678	7904	85689	3178148	140555	0
4194303	613526	4581084	887168	358869	747	12054	132536	4171929	181215	0
8388607	973533	6617393	1952501	851573	1211	18355	316519	6011992	221280	0
16777215	1950886	3747217	3416403	1113135	2348	24246	513105	2918282	314090	0
33554431	1671839	1961044	793729	225082	3945	31647	313118	1355491	1382203	0
67108863	2005781	448747	97766	40816	2891	33173	105208	274378	676167	0
134217727	220019	71601	13836	8413	980	22194	19529	24174	110274	0
268435455	76094	12709	5144	1978	317	1969	3968	7000	54206	0
536870911	30980	5117	9251	1273	486	516	6352	3025	13090	0
1073741823	15356	2266	509	1002	56	2	388	1113	14011	0
2147483647	11422	373	49	142	1	1	23	194	11195	0
4294967295	3664	42	4	15	0	0	0	20	3625	0
8589934591	537	4	2	1	0	0	0	3	529	0
17179869183	0	0	0	0	0	0	0	0	0	0
34359738367	0	0	0	0	0	0	0	0	0	0
68719476735	0	0	0	0	0	0	0	0	0	0
137438953471	0	0	0	0	0	0	0	0	0	0


ata-Samsung_SSD_860_EVO_1TB_X599X555X3X9X7X
1	0	0	0	0	0	0	0	0	0	0
3	0	0	0	0	0	0	0	0	0	0
7	0	0	0	0	0	0	0	0	0	0
15	0	0	0	0	0	0	0	0	0	0
31	0	0	0	0	0	0	0	0	0	0
63	0	0	0	0	0	0	0	0	0	0
127	0	0	0	0	0	0	0	0	0	0
255	0	0	0	0	0	0	0	1	0	0
511	0	0	0	0	8482	0	2	93876	0	0
1023	0	0	0	0	301035	0	48	377484	1	0
2047	0	0	0	0	184920	2	26	302040	3	0
4095	0	0	0	0	109582	0	93	463127	0	0
8191	0	0	0	0	322663	1	13	950394	0	0
16383	0	0	0	0	546	0	0	16011	0	0
32767	0	0	0	0	798	0	0	2932	0	0
65535	0	57953	0	62823	182	0	0	4562	0	0
131071	12516	345555	13246	356040	29	0	0	15671	0	0
262143	98960	419997	99257	421078	12	0	0	20783	0	0
524287	142291	25126	144150	58703	27	0	0	15005	0	0
1048575	431046	243108	428191	9162650	22	0	0	217036	0	0
2097151	13260	420928	13366	171143	6	0	0	387773	0	0
4194303	230115	2226340	229978	1024385	0	0	0	1605445	0	0
8388607	287	2670376	287	110115	0	0	0	2393596	0	0
16777215	2	2855429	2	51	0	0	0	2620703	0	0
33554431	2	2101129	2	19	0	0	0	1880789	0	0
67108863	5	989	5	48	0	0	0	704	0	0
134217727	1	77	1	20	0	0	0	50	0	0
268435455	1	59	1	25	0	0	0	32	0	0
536870911	4	958	4	949	0	0	0	9	0	0
1073741823	0	25	0	0	0	0	0	23	0	0
2147483647	0	0	0	0	0	0	0	0	0	0
4294967295	0	0	0	0	0	0	0	0	0	0
8589934591	0	0	0	0	0	0	0	0	0	0
17179869183	0	0	0	0	0	0	0	0	0	0
34359738367	0	0	0	0	0	0	0	0	0	0
68719476735	0	0	0	0	0	0	0	0	0	0
137438953471	0	0	0	0	0	0	0	0	0	0
