
backup
1	0	0	0	0	0	0	0	0	0	0
3	0	0	0	0	0	0	0	0	0	0
7	0	0	0	0	0	0	0	0	0	0
15	0	0	0	0	0	0	0	0	0	0
31	0	0	0	0	0	0	0	0	0	0
63	0	0	0	0	0	0	0	0	0	0
127	0	0	0	0	0	0	0	0	0	0
255	0	0	0	0	0	0	0	0	0	0
511	0	0	0	0	0	1	0	0	0	0
1023	0	0	0	0	217	419	0	421	0	0
2047	0	0	0	0	68633	2852	13	5004	1	2
4095	0	0	0	0	483549	4650	2	14875	0	231
8191	0	0	0	0	54248	5446	2	7937	0	48
16383	0	0	0	0	991	128	0	4807	0	12
32767	0	1954	0	10804	408	23	1	8232	0	14
65535	49	12386	56	67071	76	5	0	14522	1	0
131071	454	19825	488	56516	35	5	1	21821	4	1
262143	703	28671	697	55452	45	14	0	29498	6	3
524287	2766	47406	2811	166832	42	16	0	41272	2	1
1048575	37716	68784	37935	47554	21	41	0	62925	4	17
2097151	291851	58631	292486	131067	0	57	0	54150	9	59
4194303	268163	66891	267255	1327446	0	116	0	45039	1	176
8388607	6457	105366	6431	304991	0	144	0	349127	0	8804
16777215	128	534780	128	4031	0	220	0	317876	0	33924
33554431	23	478108	23	993	0	670	0	503666	0	147
67108863	1	385944	1	303	0	585	0	331409	0	0
134217727	1	193202	1	125	0	925	0	178697	0	0
268435455	0	93539	0	66	0	2358	0	86106	0	0
536870911	0	18029	0	28	0	4407	0	13167	0	0
1073741823	0	15599	0	0	0	9985	0	5604	0	0
2147483647	0	35115	0	0	0	27165	0	7927	0	0
4294967295	0	9017	0	0	0	8341	0	592	0	0
8589934591	0	32	0	0	0	0	0	32	0	0
17179869183	0	0	0	0	0	0	0	0	0	0
34359738367	0	0	0	0	0	0	0	0	0	0
68719476735	0	0	0	0	0	0	0	0	0	0
137438953471	0	0	0	0	0	0	0	0	0	0

wwn-0x5050505059a91595
1	0	0	0	0	0	0	0	0	0	0
3	0	0	0	0	0	0	0	0	0	0
7	0	0	0	0	0	0	0	0	0	0
15	0	0	0	0	0	0	0	0	0	0
31	0	0	0	0	0	0	0	0	0	0
63	0	0	0	0	0	0	0	0	0	0
127	0	0	0	0	0	0	0	0	0	0
255	0	0	0	0	0	0	0	0	0	0
511	0	0	0	0	0	1	0	0	0	0
1023	0	0	0	0	217	419	0	421	0	0
2047	0	0	0	0	68633	2852	13	5004	1	2
4095	0	0	0	0	483549	4650	2	14875	0	231
8191	0	0	0	0	54248	5446	2	7937	0	48
16383	0	0	0	0	991	128	0	4807	0	12
32767	0	1954	0	10804	408	23	1	8232	0	14
65535	49	12386	56	67071	76	5	0	14522	1	0
131071	454	19825	488	56516	35	5	1	21821	4	1
262143	703	28671	697	55452	45	14	0	29498	6	3
524287	2766	47406	2811	166832	42	16	0	41272	2	1
1048575	37716	68784	37935	47554	21	41	0	62925	4	17
2097151	291851	58631	292486	131067	0	57	0	54150	9	59
4194303	268163	66891	267255	1327446	0	116	0	45039	1	176
8388607	6457	105366	6431	304991	0	144	0	349127	0	8804
16777215	128	534780	128	4031	0	220	0	317876	0	33924
33554431	23	478108	23	993	0	670	0	503666	0	147
67108863	1	385944	1	303	0	585	0	331409	0	0
134217727	1	193202	1	125	0	925	0	178697	0	0
268435455	0	93539	0	66	0	2358	0	86106	0	0
536870911	0	18029	0	28	0	4407	0	13167	0	0
1073741823	0	15599	0	0	0	9985	0	5604	0	0
2147483647	0	35115	0	0	0	27165	0	7927	0	0
4294967295	0	9017	0	0	0	8341	0	592	0	0
8589934591	0	32	0	0	0	0	0	32	0	0
17179869183	0	0	0	0	0	0	0	0	0	0
34359738367	0	0	0	0	0	0	0	0	0	0
68719476735	0	0	0	0	0	0	0	0	0	0
137438953471	0	0	0	0	0	0	0	0	0	0

bpool
1	0	0	0	0	0	0	0	0	0	0
3	0	0	0	0	0	0	0	0	0	0
7	0	0	0	0	0	0	0	0	0	0
15	0	0	0	0	0	0	0	0	0	0
31	0	0	0	0	0	0	0	0	0	0
63	0	0	0	0	0	0	0	0	0	0
127	0	0	0	0	0	0	0	0	0	0
255	0	0	0	0	0	0	0	0	0	0
511	0	0	0	0	0	0	0	1	0	0
1023	0	0	0	0	23	45	0	27	0	0
2047	0	0	0	0	227	520	3	411	1	1
4095	0	0	0	0	180	154	5	999	0	234
8191	0	0	0	0	14	72	0	661	0	129
16383	0	29	0	316	1	3	0	726	0	10
32767	0	1032	1	7792	1	0	0	1250	1	11
65535	35	2578	42	7416	0	1	0	1817	0	1
131071	255	3153	262	1596	0	0	0	2258	5	1
262143	87	3841	85	357	0	0	0	3302	4	1
524287	18	4675	14	41	0	0	0	4143	3	0
1048575	4	1266	2	10	0	0	0	854	0	1
2097151	13	180	10	118	0	0	0	86	5	5
4194303	30	74	26	57	0	0	0	17	2	20
8388607	0	44	0	102	0	0	0	19	0	20
16777215	6	169	6	255	0	0	0	130	0	39
33554431	19	325	19	460	0	0	0	268	0	55
67108863	5	642	5	745	0	0	0	540	0	29
134217727	3	528	3	521	0	0	0	454	0	48
268435455	0	605	0	41	0	0	0	514	0	51
536870911	0	474	0	6	0	0	0	400	0	29
1073741823	0	208	0	0	0	0	0	155	0	35
2147483647	0	10	0	0	0	0	0	6	0	0
4294967295	0	0	0	0	0	0	0	0	0	0
8589934591	0	0	0	0	0	0	0	0	0	0
17179869183	0	0	0	0	0	0	0	0	0	0
34359738367	0	0	0	0	0	0	0	0	0	0
68719476735	0	0	0	0	0	0	0	0	0	0
137438953471	0	0	0	0	0	0	0	0	0	0

78515115-5758-554e-95d5-a5115750595e
1	0	0	0	0	0	0	0	0	0	0
3	0	0	0	0	0	0	0	0	0	0
7	0	0	0	0	0	0	0	0	0	0
15	0	0	0	0	0	0	0	0	0	0
31	0	0	0	0	0	0	0	0	0	0
63	0	0	0	0	0	0	0	0	0	0
127	0	0	0	0	0	0	0	0	0	0
255	0	0	0	0	0	0	0	0	0	0
511	0	0	0	0	0	0	0	1	0	0
1023	0	0	0	0	23	45	0	27	0	0
2047	0	0	0	0	227	520	3	411	1	1
4095	0	0	0	0	180	154	5	999	0	234
8191	0	0	0	0	14	72	0	661	0	129
16383	0	29	0	316	1	3	0	726	0	10
32767	0	1032	1	7792	1	0	0	1250	1	11
65535	35	2578	42	7416	0	1	0	1817	0	1
131071	255	3153	262	1596	0	0	0	2258	5	1
262143	87	3841	85	357	0	0	0	3302	4	1
524287	18	4675	14	41	0	0	0	4143	3	0
1048575	4	1266	2	10	0	0	0	854	0	1
2097151	13	180	10	118	0	0	0	86	5	5
4194303	30	74	26	57	0	0	0	17	2	20
8388607	0	44	0	102	0	0	0	19	0	20
16777215	6	169	6	255	0	0	0	130	0	39
33554431	19	325	19	460	0	0	0	268	0	55
67108863	5	642	5	745	0	0	0	540	0	29
134217727	3	528	3	521	0	0	0	454	0	48
268435455	0	605	0	41	0	0	0	514	0	51
536870911	0	474	0	6	0	0	0	400	0	29
1073741823	0	208	0	0	0	0	0	155	0	35
2147483647	0	10	0	0	0	0	0	6	0	0
4294967295	0	0	0	0	0	0	0	0	0	0
8589934591	0	0	0	0	0	0	0	0	0	0
17179869183	0	0	0	0	0	0	0	0	0	0
34359738367	0	0	0	0	0	0	0	0	0	0
68719476735	0	0	0	0	0	0	0	0	0	0
137438953471	0	0	0	0	0	0	0	0	0	0

rpool
1	0	0	0	0	0	0	0	0	0	0
3	0	0	0	0	0	0	0	0	0	0
7	0	0	0	0	0	0	0	0	0	0
15	0	0	0	0	0	0	0	0	0	0
31	0	0	0	0	0	0	0	0	0	0
63	0	0	0	0	0	0	0	0	0	0
127	0	0	0	0	0	0	0	0	0	0
255	0	0	0	0	0	0	0	0	0	0
511	0	0	0	0	0	1	0	1	0	0
1023	0	0	0	0	6180	2117	1478	4807	0	0
2047	0	0	0	0	65425	22193	6220	64791	1	145
4095	0	0	0	0	116237	24302	3313	106487	1	2780
8191	0	0	0	0	30096	17089	578	49743	1	3172
16383	4	1426	5	23398	1499	997	168	46625	3	320
32767	156	99828	211	463539	908	377	198	87056	6	360
65535	7030	205068	8627	435390	688	137	722	116053	7	182
131071	56345	205901	61034	181738	754	78	1746	130790	15	687
262143	60783	204175	64068	91118	673	66	2234	167876	18	17353
524287	29996	220513	27917	64183	654	135	2069	191580	19	3753
1048575	5480	117722	2843	148004	858	233	1312	92328	16	14
2097151	10217	34094	8349	65159	364	312	1091	28544	23	398
4194303	41124	45551	41510	845017	179	429	707	69162	38	32409
8388607	5180	179179	4498	56833	133	828	430	231828	66	104181
16777215	4597	331483	4912	20886	534	1124	241	301384	35	454458
33554431	7777	504914	7293	35413	635	1665	285	429585	42	48251
67108863	12742	80117	12343	67528	654	1562	485	69548	4	7004
134217727	8904	64469	8293	47228	512	2117	596	48689	0	10096
268435455	1248	56804	483	6389	183	3756	364	47516	0	14670
536870911	525	53489	0	2952	202	4753	258	41070	0	22883
1073741823	273	39760	0	924	75	11682	149	24146	0	5294
2147483647	5	43054	0	10	0	31399	4	11023	0	1
4294967295	0	34736	0	0	0	30189	0	4427	0	0
8589934591	0	2804	0	0	0	729	0	1785	0	0
17179869183	0	2013	0	0	0	1229	0	779	0	0
34359738367	0	18081	0	0	0	17640	0	433	0	0
68719476735	0	10528	0	0	0	10206	0	308	0	0
137438953471	0	0	0	0	0	0	0	0	0	0

95c52553-7585-5f45-95a7-b5a51551c515
1	0	0	0	0	0	0	0	0	0	0
3	0	0	0	0	0	0	0	0	0	0
7	0	0	0	0	0	0	0	0	0	0
15	0	0	0	0	0	0	0	0	0	0
31	0	0	0	0	0	0	0	0	0	0
63	0	0	0	0	0	0	0	0	0	0
127	0	0	0	0	0	0	0	0	0	0
255	0	0	0	0	0	0	0	0	0	0
511	0	0	0	0	0	1	0	1	0	0
1023	0	0	0	0	6180	2117	1478	4807	0	0
2047	0	0	0	0	65425	22193	6220	64791	1	145
4095	0	0	0	0	116237	24302	3313	106487	1	2780
8191	0	0	0	0	30096	17089	578	49743	1	3172
16383	4	1426	5	23398	1499	997	168	46625	3	320
32767	156	99828	211	463539	908	377	198	87056	6	360
65535	7030	205068	8627	435390	688	137	722	116053	7	182
131071	56345	205901	61034	181738	754	78	1746	130790	15	687
262143	60783	204175	64068	91118	673	66	2234	167876	18	17353
524287	29996	220513	27917	64183	654	135	2069	191580	19	3753
1048575	5480	117722	2843	148004	858	233	1312	92328	16	14
2097151	10217	34094	8349	65159	364	312	1091	28544	23	398
4194303	41124	45551	41510	845017	179	429	707	69162	38	32409
8388607	5180	179179	4498	56833	133	828	430	231828	66	104181
16777215	4597	331483	4912	20886	534	1124	241	301384	35	454458
33554431	7777	504914	7293	35413	635	1665	285	429585	42	48251
67108863	12742	80117	12343	67528	654	1562	485	69548	4	7004
134217727	8904	64469	8293	47228	512	2117	596	48689	0	10096
268435455	1248	56804	483	6389	183	3756	364	47516	0	14670
536870911	525	53489	0	2952	202	4753	258	41070	0	22883
1073741823	273	39760	0	924	75	11682	149	24146	0	5294
2147483647	5	43054	0	10	0	31399	4	11023	0	1
4294967295	0	34736	0	0	0	30189	0	4427	0	0
8589934591	0	2804	0	0	0	729	0	1785	0	0
17179869183	0	2013	0	0	0	1229	0	779	0	0
34359738367	0	18081	0	0	0	17640	0	433	0	0
68719476735	0	10528	0	0	0	10206	0	308	0	0
137438953471	0	0	0	0	0	0	0	0	0	0
